13,0.86219,0.50658,0,667.76,-0.50658,0.86219,0,1844.5,0,0,1,505.36
17,0.99826,-0.058939,0,-291.16,0.058939,0.99826,0,1513.4,0,0,1,277.98
16,0.059822,0.99821,0,21.124,-0.99821,0.059822,0,982.85,0,0,1,538.78
18,0.88889,-0.45812,0,-931.31,0.45812,0.88889,0,1329.5,0,0,1,287.27
19,0.050805,0.99871,0,4.8043,-0.99871,0.050805,0,957.44,0,0,1,283.12
20,0.83137,0.55572,0,681.09,-0.55572,0.83137,0,1854.5,0,0,1,257.47
22,0.001917,-1,0,315.96,1,0.001917,0,1375.5,0,0,1,208.39
23,0,1,0,-190,-1,0,0,75,0,0,1,-1.3411e-06
14,0.89185,-0.45234,0,-961.96,0.45234,0.89185,0,1343.2,0,0,1,534.09
15,0.99503,-0.09956,0,-293.79,0.09956,0.99503,0,1500.1,0,0,1,530.9
